162341
162561
162567
165002
165003
165010
165011
137072
136861
137076
137081
137313
137314
138990
139227
139270
139272
139472
139764
140505
140508
141886
142374
142378
142381
142418
142624
142632
142635
142667
143817
143831
143858
143860
144063
144106
148319
148349
148351
148559
148572
148594
148595
148597
148598
148797
148845
148846
149020
149052
149252
149257
149294
149295
149297
149519
149543
149546
149792
149793
149794
158343
158345
158496
158499
158505
158530
158620
158622
158628
158632
158880
158882
158917
159119
159122
159128
159163
159164
159166
159366
159376
159410
159411
159613
159656
159861
159863
159871
160110
160117
160149
160153
160360
160369
162206
162208
162209
162296
162297
8774
8775
8776
8777
8778
8779
8780
8781
8782
8783
8784
8785
8786
8787
8788
8789
8790
8791
8792
8793
zaimm
15530
15531
15532
15535
15536
15538
15539
15541
15542
15543
15544
15545
15546
15547
8796
8797
8800
8801
